	A-low-1-1	A-low-1-2	A-low-1-3	A-low-2-1	A-low-2-2	A-low-2-3	A-low-3-1	A-low-3-2	A-low-3-3	A-low-4-1	A-low-4-2	A-low-4-3	A-high-1-1	A-high-1-2	A-high-1-3	A-high-2-1	A-high-2-2	A-high-2-3	A-high-3-1	A-high-3-2	A-high-3-3	A-high-4-1	A-high-4-2	A-high-4-3	B-low-1-1	B-low-1-2	B-low-1-3	B-low-2-1	B-low-2-2	B-low-2-3	B-low-3-1	B-low-3-2	B-low-3-3	B-low-4-1	B-low-4-2	B-low-4-3	B-high-1-1	B-high-1-2	B-high-1-3	B-high-2-1	B-high-2-2	B-high-2-3	B-high-3-1	B-high-3-2	B-high-3-3	B-high-4-1	B-high-4-2	B-high-4-3	C-low-1-1	C-low-1-2	C-low-1-3	C-low-2-1	C-low-2-2	C-low-2-3	C-low-3-1	C-low-3-2	C-low-3-3	C-low-4-1	C-low-4-2	C-low-4-3	C-high-1-1	C-high-1-2	C-high-1-3	C-high-2-1	C-high-2-2	C-high-2-3	C-high-3-1	C-high-3-2	C-high-3-3	C-high-4-1	C-high-4-2	C-high-4-3	D-low-1-1	D-low-1-2	D-low-1-3	D-low-2-1	D-low-2-2	D-low-2-3	D-low-3-1	D-low-3-2	D-low-3-3	D-low-4-1	D-low-4-2	D-low-4-3	D-high-1-1	D-high-1-2	D-high-1-3	D-high-2-1	D-high-2-2	D-high-2-3	D-high-3-1	D-high-3-2	D-high-3-3	D-high-4-1	D-high-4-2	D-high-4-3
A-low-1-1	0	0.173776324	0.16902244	0.179891353	0.195987629	0.220619478	0.200179748	0.226950534	0.214958696	0.269774501	0.265150485	0.254368623	0.328890723	0.229888753	0.230687783	0.220446144	0.225955986	0.211501135	0.232222476	0.242982444	0.40991484	0.272367003	0.275888557	0.263313759	0.479747995	0.471494557	0.471039991	0.507684111	0.518402238	0.503796013	0.529572701	0.538604163	0.521751147	0.582747018	0.588105408	0.567427244	0.743456258	0.595732477	0.703009231	0.666688327	0.632075041	0.601631608	0.618570631	0.592837679	0.583330302	0.896837899	0.846517416	0.847641178	0.746200002	0.616301609	0.554938355	0.624728247	0.561830911	0.528643127	0.584323928	0.588925731	0.5842588	0.576372062	0.552193815	0.594588014	0.641148405	0.661005269	0.619066613	0.630496148	0.653011005	0.664548083	0.607896233	0.600441199	0.576955535	0.622610038	0.584885154	0.585771181	0.883182811	0.845178112	0.75797448	0.756311029	0.84597732	0.802095176	0.81134285	0.758342445	0.836318894	0.730058864	0.826596239	0.797104521	0.838178174	0.775777976	0.746674255	0.750002281	0.763592888	0.677317837	0.867907219	0.781655585	0.818840591	0.878861743	0.840834826	0.901764108
A-low-1-2	0.173776324	0	0.197197838	0.168720219	0.189526905	0.199487888	0.183066855	0.210723252	0.188792742	0.249766859	0.243781446	0.240259184	0.345959487	0.27562993	0.268888288	0.251041033	0.253893141	0.235095655	0.243004032	0.255729872	0.432602221	0.292374993	0.288398731	0.279864137	0.482859261	0.478883954	0.477327536	0.516866774	0.526050897	0.513043673	0.537696856	0.543444323	0.529486453	0.589898661	0.592923565	0.574103822	0.746934919	0.600140176	0.705645149	0.669864715	0.63838445	0.604180978	0.619737488	0.593054154	0.587587012	0.897788606	0.846431093	0.848916179	0.745919228	0.614378566	0.551157006	0.625657426	0.562284477	0.533634361	0.5859441	0.595645413	0.587283377	0.580931183	0.555392048	0.599190352	0.648451572	0.66500255	0.625397509	0.633607692	0.657440059	0.667399903	0.613578539	0.606707018	0.580391029	0.629221919	0.589012071	0.59017894	0.884630407	0.845242929	0.759832645	0.755122783	0.845502021	0.800496606	0.811148359	0.760438223	0.837204945	0.727142235	0.82629379	0.795635459	0.836082531	0.773531131	0.746004346	0.749505253	0.764197462	0.675006041	0.867216019	0.777939521	0.819315621	0.878364849	0.839797586	0.901202574
A-low-1-3	0.16902244	0.197197838	0	0.209535178	0.218220835	0.238401783	0.214439881	0.196333482	0.228441055	0.269190965	0.269104361	0.258690003	0.35352167	0.233648122	0.249096677	0.236824091	0.231530659	0.227922017	0.231142227	0.236694455	0.397815202	0.26398397	0.277811869	0.252251243	0.493381445	0.486403068	0.487396199	0.516240004	0.532511542	0.515722998	0.543163363	0.553231791	0.533872466	0.596121614	0.600032057	0.579894239	0.750197341	0.604353624	0.708734964	0.672630224	0.642230294	0.609906628	0.624404482	0.600227061	0.592902098	0.899776462	0.850730632	0.851292765	0.750175717	0.62278342	0.559172845	0.625290272	0.559626943	0.532165123	0.583157103	0.589184922	0.584928286	0.576609722	0.550271017	0.596985885	0.642574297	0.668286442	0.627450088	0.633045564	0.657677514	0.668653286	0.611828122	0.602623272	0.582140989	0.625980734	0.59255532	0.589854538	0.888648942	0.848246018	0.754971163	0.759659908	0.851076407	0.803845329	0.814432417	0.755036213	0.840078678	0.731225495	0.829361895	0.799178607	0.841829456	0.78040195	0.751340919	0.75287554	0.76473767	0.68006147	0.870867407	0.783967358	0.8201584	0.882577782	0.845048046	0.903427823
A-low-2-1	0.179891353	0.168720219	0.209535178	0	0.133933239	0.160229013	0.166602785	0.205603071	0.185638271	0.263811303	0.261067133	0.249593641	0.344814756	0.27096279	0.277639334	0.255319531	0.264653813	0.236996941	0.242291062	0.249096902	0.415467921	0.309249606	0.280858073	0.296220769	0.487137486	0.476075256	0.476960753	0.518811859	0.525446109	0.511682664	0.532641112	0.541802391	0.521124944	0.590417769	0.591432894	0.574212295	0.745141691	0.593031785	0.701345683	0.678183402	0.643915729	0.616777892	0.624296431	0.597245626	0.593226729	0.896729977	0.846344754	0.848376082	0.754216292	0.619715479	0.559065046	0.626824283	0.568291214	0.533115898	0.585771509	0.602581293	0.583675111	0.590308891	0.557531003	0.61552495	0.660745743	0.678593207	0.625959743	0.634817892	0.66377065	0.664547845	0.612930584	0.609084047	0.579462362	0.630756081	0.600788001	0.601047431	0.888541124	0.849585766	0.762447023	0.757888549	0.850925167	0.807389138	0.81343869	0.761259206	0.8388903	0.732306136	0.830550233	0.802398148	0.840122905	0.782562453	0.752767504	0.761670038	0.775562718	0.690605814	0.870672971	0.785264027	0.8242205	0.88216765	0.844010914	0.902887631
A-low-2-2	0.195987629	0.189526905	0.218220835	0.133933239	0	0.174186258	0.184644187	0.220943293	0.207503804	0.28664935	0.278351849	0.270897673	0.35302467	0.279021873	0.283883067	0.268412796	0.27608296	0.252682961	0.262146958	0.265560618	0.417671765	0.324935551	0.292958117	0.309940899	0.502391513	0.480742012	0.488821914	0.521642355	0.531193155	0.521643068	0.538107424	0.549860992	0.530372093	0.599837688	0.598173972	0.581493024	0.749203651	0.597482299	0.705450387	0.684167594	0.651283021	0.624382852	0.62608971	0.601415382	0.600766801	0.898760877	0.849563829	0.851141469	0.760611424	0.630367175	0.568507112	0.63909651	0.576911887	0.541044884	0.59625054	0.611979918	0.59162659	0.601133001	0.566368094	0.622481752	0.665283032	0.684469779	0.631404064	0.645188541	0.670295843	0.672023537	0.624036269	0.620794458	0.584690614	0.640024821	0.610164539	0.610467408	0.891911902	0.853410054	0.761863561	0.761626332	0.853366706	0.810586622	0.815707327	0.764521737	0.841482826	0.737577881	0.833013199	0.805704017	0.843255612	0.786343774	0.755943354	0.765494011	0.774698264	0.696288205	0.874713264	0.786603596	0.826294657	0.886099778	0.847899976	0.905307451
A-low-2-3	0.220619478	0.199487888	0.238401783	0.160229013	0.174186258	0	0.160855108	0.219754945	0.184708847	0.274722217	0.26344352	0.259402987	0.370655987	0.287016302	0.308860802	0.285979336	0.287254471	0.267267723	0.270163508	0.277703596	0.430419501	0.326297164	0.302659667	0.313722027	0.503082908	0.490464737	0.491047807	0.532704482	0.536875767	0.520066181	0.536746082	0.549061603	0.531798029	0.596898871	0.600528621	0.582767684	0.745659735	0.602235608	0.705666298	0.682438992	0.649035768	0.627710323	0.628141883	0.602041851	0.59810895	0.898933619	0.849347684	0.850687627	0.7603303	0.634320952	0.582961674	0.63868594	0.583307997	0.55426845	0.600571908	0.619455689	0.596250502	0.603898983	0.57222354	0.623972385	0.66962565	0.688920114	0.63965758	0.648407765	0.675178534	0.674011417	0.624360009	0.621140293	0.600052981	0.642163609	0.613600115	0.613556974	0.893229366	0.854101245	0.771931876	0.765255795	0.85446848	0.811234642	0.819574394	0.770182231	0.844226607	0.739824849	0.836297052	0.807950883	0.844919147	0.789519364	0.762792654	0.770312104	0.782649081	0.700522722	0.874432197	0.791594244	0.829189405	0.886985301	0.848224017	0.906279655
A-low-3-1	0.200179748	0.183066855	0.214439881	0.166602785	0.184644187	0.160855108	0	0.181079777	0.139335034	0.222564207	0.213921247	0.208303507	0.359161667	0.29118709	0.30544712	0.278590183	0.277142621	0.261887925	0.257956022	0.266318016	0.421517998	0.297517497	0.27256233	0.278633477	0.48674843	0.480785033	0.478731931	0.525293571	0.531798542	0.509392028	0.535276843	0.538496295	0.520778917	0.58021904	0.581234551	0.566282112	0.747237143	0.602927142	0.706595868	0.677945379	0.641819425	0.61688587	0.623302698	0.594415179	0.588321461	0.8936404	0.842174433	0.844854045	0.750888727	0.625505794	0.571078311	0.636374147	0.573736014	0.544329808	0.595948267	0.605908618	0.591928992	0.587953147	0.558244043	0.606190129	0.659297448	0.676626024	0.630604459	0.645447917	0.666579526	0.669258061	0.614939914	0.617834844	0.586764997	0.626845104	0.591669636	0.594781246	0.887763471	0.850255413	0.767135618	0.760524304	0.85014722	0.806567807	0.812444671	0.767503188	0.839322206	0.732500557	0.828454366	0.80002139	0.841483911	0.779559084	0.756483599	0.759617042	0.775346361	0.688747523	0.872077182	0.786192881	0.826618527	0.882383208	0.841137154	0.902412515
A-low-3-2	0.226950534	0.210723252	0.196333482	0.205603071	0.220943293	0.219754945	0.181079777	0	0.183520853	0.23637057	0.237451271	0.236565106	0.381437996	0.290344174	0.319944808	0.296782922	0.288788132	0.269623397	0.256853929	0.2606569	0.406522909	0.297776672	0.286260571	0.283538454	0.500295703	0.49225854	0.494980283	0.535664628	0.546793919	0.518186284	0.548608267	0.550012677	0.536379274	0.594047651	0.59316122	0.580262015	0.749613868	0.608329067	0.710787108	0.682893166	0.647502242	0.62297883	0.620191207	0.596143734	0.596359469	0.895152786	0.839560209	0.844703259	0.751299043	0.627623331	0.573865841	0.636309521	0.564834335	0.552626819	0.591951399	0.603359073	0.594284362	0.585490468	0.557747141	0.608545762	0.656337973	0.678139159	0.635833664	0.639700754	0.666860616	0.670835531	0.617748503	0.617964603	0.588212814	0.632225346	0.599794115	0.595991242	0.886488623	0.847792373	0.760826605	0.759379253	0.849801676	0.804083215	0.813957538	0.754626002	0.838306795	0.730448056	0.82905946	0.798811426	0.840749407	0.781136435	0.754798308	0.762836447	0.774957602	0.69278803	0.871472394	0.78621471	0.822016444	0.882145841	0.844486144	0.902758141
A-low-3-3	0.214958696	0.188792742	0.228441055	0.185638271	0.207503804	0.184708847	0.139335034	0.183520853	0	0.19657154	0.195101759	0.190866931	0.370007607	0.297668986	0.314391993	0.289284901	0.286757012	0.273555278	0.263875895	0.269558326	0.433552486	0.292331998	0.280534531	0.277401679	0.49273313	0.482016538	0.474734802	0.530889606	0.537113634	0.5095863	0.537458992	0.541218433	0.524754375	0.585210025	0.586916808	0.572439823	0.753222099	0.606643363	0.71003103	0.682201588	0.642964857	0.620191312	0.629740871	0.599730312	0.591670422	0.895563334	0.84468067	0.845956054	0.74693436	0.624857258	0.573087531	0.634926386	0.572655521	0.546036324	0.592059077	0.608069128	0.592598474	0.586311037	0.554095632	0.606989791	0.658692598	0.674724807	0.630388263	0.64784622	0.668415844	0.667053899	0.612886907	0.617985587	0.589962622	0.62876763	0.593527497	0.594370249	0.887914333	0.850082348	0.769296167	0.761820308	0.851076168	0.806977967	0.815620602	0.768777879	0.839754217	0.732975707	0.831803082	0.801749482	0.841678169	0.782043853	0.757045151	0.760459427	0.777722925	0.687947702	0.873179056	0.787942674	0.825948624	0.882901718	0.84185	0.90353571
A-low-4-1	0.269774501	0.249766859	0.269190965	0.263811303	0.28664935	0.274722217	0.222564207	0.23637057	0.19657154	0	0.139011228	0.150375935	0.417758566	0.347255812	0.36261831	0.340881845	0.332866103	0.322710858	0.291057486	0.295162625	0.454576427	0.259079442	0.264221657	0.257285991	0.500814561	0.507901738	0.493943063	0.547008183	0.557358653	0.519439575	0.549580476	0.547419977	0.535060791	0.588018997	0.58583682	0.576912683	0.756074247	0.619499641	0.715173482	0.684794688	0.645752022	0.627451556	0.630562527	0.600637934	0.592708076	0.894137435	0.842412203	0.84373081	0.742980692	0.629676033	0.582940529	0.64352613	0.578965441	0.555954431	0.593593419	0.602991607	0.597762855	0.573282502	0.547116786	0.59387493	0.652859064	0.664483445	0.629372965	0.650698613	0.668416189	0.670576583	0.608458046	0.615803982	0.594586554	0.625052212	0.579030062	0.584820814	0.886445297	0.848570208	0.76951231	0.761388457	0.848807776	0.805919503	0.814130176	0.76845438	0.838242018	0.729756803	0.828324912	0.798076912	0.839777017	0.780272292	0.755770794	0.754625893	0.774547299	0.681574212	0.870953746	0.786300725	0.824976506	0.88080635	0.838847116	0.901332148
A-low-4-2	0.265150485	0.243781446	0.269104361	0.261067133	0.278351849	0.26344352	0.213921247	0.237451271	0.195101759	0.139011228	0	0.14000482	0.417304751	0.342955977	0.360025463	0.337683816	0.323877409	0.319793549	0.287578688	0.292310192	0.456520677	0.252791879	0.256896876	0.243738721	0.49619024	0.494332175	0.48149775	0.534908603	0.546144945	0.510645278	0.538906876	0.533094506	0.524624646	0.574450083	0.573974536	0.563732562	0.74723688	0.608717822	0.709555565	0.673170374	0.639031915	0.614119862	0.623021468	0.595063177	0.58412985	0.889945735	0.838220152	0.840078914	0.743498802	0.627493339	0.580606444	0.640608862	0.578813293	0.552605039	0.590028075	0.600744404	0.595709647	0.576695951	0.549493128	0.592750843	0.650546828	0.662495566	0.626218289	0.648991308	0.666644385	0.672391026	0.60644828	0.612648851	0.591475057	0.622070023	0.576479937	0.58270283	0.885667334	0.848224335	0.768259047	0.758384698	0.84459427	0.804406991	0.811213377	0.76953441	0.836729581	0.730534019	0.824435612	0.795375743	0.838242751	0.772666547	0.752702436	0.749807257	0.77057108	0.678267949	0.866697289	0.779300167	0.821260274	0.876074478	0.833207538	0.898436791
A-low-4-3	0.254368623	0.240259184	0.258690003	0.249593641	0.270897673	0.259402987	0.208303507	0.236565106	0.190866931	0.150375935	0.14000482	0	0.403346816	0.330489132	0.348767977	0.317805907	0.310459687	0.303372303	0.274160785	0.27906512	0.440164058	0.257480549	0.255989249	0.241318252	0.494980483	0.492949517	0.485473292	0.533871176	0.54093747	0.513972617	0.539835769	0.539079283	0.530782368	0.580154442	0.583546073	0.569091033	0.752184719	0.613968062	0.712256128	0.678269138	0.64246742	0.615221928	0.624101476	0.595927145	0.590719713	0.892862405	0.839970431	0.843816932	0.749505809	0.630215942	0.579850613	0.646053831	0.577365692	0.559173146	0.597115411	0.60759365	0.601738208	0.585079368	0.559756608	0.60247378	0.657115356	0.671527181	0.635033855	0.654025644	0.673860733	0.676798808	0.616257695	0.62014668	0.596725588	0.627212672	0.587974735	0.59238282	0.887093269	0.850147283	0.773487583	0.764607651	0.850298312	0.808404207	0.816160855	0.773121101	0.839970423	0.735395605	0.829232105	0.801295996	0.841311133	0.780315138	0.760264605	0.758601427	0.775627356	0.687321249	0.870888856	0.78716487	0.824457887	0.880330695	0.839041324	0.900770332
A-high-1-1	0.328890723	0.345959487	0.35352167	0.344814756	0.35302467	0.370655987	0.359161667	0.381437996	0.370007607	0.417758566	0.417304751	0.403346816	0	0.308536916	0.278784468	0.277725662	0.297711976	0.292612535	0.323121318	0.325649078	0.467734404	0.354644993	0.343885074	0.343841892	0.516824888	0.528060321	0.524127775	0.549211967	0.559108943	0.540159992	0.578187183	0.576329319	0.556969697	0.617706478	0.612606895	0.606059753	0.752163589	0.603057242	0.707179104	0.679565729	0.646292091	0.621077288	0.631232343	0.607876106	0.603122224	0.898631175	0.850212192	0.849477866	0.754669725	0.631663506	0.580196172	0.639506842	0.582054481	0.547829829	0.600053567	0.614831992	0.593851658	0.59804349	0.573282294	0.617620196	0.659146528	0.679478592	0.636654752	0.644108506	0.664505336	0.666341451	0.621854058	0.617899278	0.591410262	0.642812283	0.604698302	0.605130629	0.887374447	0.849737076	0.767416551	0.762187734	0.853669191	0.808814947	0.817781573	0.765601818	0.843211369	0.736907968	0.831846446	0.804364234	0.843731004	0.789411819	0.756397244	0.767114886	0.776405056	0.694667546	0.871839833	0.790967886	0.826251378	0.883442063	0.846344412	0.904075936
A-high-1-2	0.229888753	0.27562993	0.233648122	0.27096279	0.279021873	0.287016302	0.29118709	0.290344174	0.297668986	0.347255812	0.342955977	0.330489132	0.308536916	0	0.168936108	0.176368965	0.165305807	0.167012829	0.212257424	0.216859472	0.383360549	0.232740322	0.269255483	0.236694959	0.48543028	0.472920288	0.473308943	0.505588536	0.519569377	0.507339273	0.531646714	0.546663217	0.525790916	0.588083743	0.596509954	0.571532554	0.73719023	0.580694259	0.696635031	0.65869413	0.628834093	0.594479546	0.615696858	0.588559367	0.580478471	0.89288381	0.841936772	0.842628657	0.748468666	0.607421464	0.545971597	0.614335476	0.548434909	0.521339892	0.571143727	0.582832495	0.568658852	0.566929889	0.543875337	0.592383764	0.63203051	0.66307919	0.617445982	0.621529511	0.642531473	0.654328217	0.598756192	0.579871774	0.567945386	0.613621719	0.579461612	0.578078852	0.884436252	0.844940563	0.753566818	0.75434487	0.849045551	0.802052403	0.814194948	0.75402124	0.838220499	0.726472221	0.827503739	0.799546077	0.840900702	0.774849274	0.745075502	0.752443964	0.7647161	0.675092332	0.869700611	0.782303866	0.816355694	0.880222753	0.843211402	0.901807237
A-high-1-3	0.230687783	0.268888288	0.249096677	0.277639334	0.283883067	0.308860802	0.30544712	0.319944808	0.314391993	0.36261831	0.360025463	0.348767977	0.278784468	0.168936108	0	0.149727045	0.173235646	0.174358776	0.2290676	0.234361006	0.407862362	0.249420273	0.283775063	0.254908783	0.481281793	0.475188962	0.470067722	0.497745118	0.516652057	0.50312602	0.538258234	0.55100619	0.524279089	0.590763177	0.597396018	0.574859935	0.742635065	0.579830076	0.698795706	0.659752788	0.628315737	0.592599773	0.616150846	0.590461048	0.580694456	0.896578719	0.847965107	0.847230936	0.745659768	0.602775989	0.544458942	0.613384914	0.550465637	0.513280574	0.572699315	0.582119647	0.56818313	0.568744772	0.544566856	0.589510142	0.631641408	0.657180383	0.612390089	0.620881347	0.640543744	0.648602579	0.597006153	0.58188091	0.56522316	0.614961068	0.576372155	0.575464916	0.886272516	0.844940358	0.751427895	0.752616063	0.847230615	0.800885585	0.811343125	0.754906894	0.837766623	0.727185568	0.826423356	0.797839108	0.83962587	0.7737473	0.741488868	0.747863373	0.757996576	0.670576669	0.869614167	0.778090518	0.81562118	0.879920478	0.843535555	0.902304525
A-high-2-1	0.220446144	0.251041033	0.236824091	0.255319531	0.268412796	0.285979336	0.278590183	0.296782922	0.289284901	0.340881845	0.337683816	0.317805907	0.277725662	0.176368965	0.149727045	0	0.163102056	0.161092185	0.213056945	0.223470773	0.402568546	0.239783747	0.263594334	0.235051915	0.472984374	0.464839096	0.461381398	0.492623846	0.505481319	0.497313724	0.538625347	0.550055601	0.518984876	0.589596275	0.593852195	0.57198593	0.742375657	0.583394909	0.698449924	0.662863639	0.628877167	0.591346227	0.612412163	0.588991502	0.581947294	0.896881128	0.843514034	0.845826305	0.74706402	0.60329409	0.546165798	0.615220983	0.545431059	0.519070791	0.575313563	0.581384602	0.570819246	0.57107827	0.546295113	0.590935919	0.634017925	0.657807137	0.61305992	0.621680503	0.643935476	0.651475993	0.596962843	0.586418053	0.564185471	0.617207969	0.577624737	0.576976714	0.885192176	0.846258335	0.755705744	0.754279891	0.848980467	0.802808221	0.812487803	0.757197103	0.838155625	0.728719114	0.827438631	0.800258724	0.83921501	0.775021821	0.742482543	0.752076478	0.763959807	0.674335674	0.869246874	0.780531977	0.817414266	0.880114722	0.84092109	0.902001866
A-high-2-2	0.225955986	0.253893141	0.231530659	0.264653813	0.27608296	0.287254471	0.277142621	0.288788132	0.286757012	0.332866103	0.323877409	0.310459687	0.297711976	0.165305807	0.173235646	0.163102056	0	0.154285999	0.195426072	0.202059016	0.386795747	0.218890259	0.25471421	0.216340786	0.471321223	0.461684841	0.462548803	0.490658533	0.50805303	0.488628276	0.518251079	0.528254858	0.509499958	0.572419208	0.579938029	0.55688358	0.735202355	0.578296004	0.692702795	0.651563804	0.618808724	0.584670369	0.603726894	0.578533999	0.568940763	0.88888715	0.838242407	0.836924928	0.7380759	0.601803527	0.54199581	0.608955562	0.54123997	0.515182109	0.559455082	0.575054549	0.565093583	0.560210857	0.53568684	0.579808969	0.621659384	0.649856192	0.607593764	0.618483072	0.636481829	0.647997577	0.58981149	0.575421186	0.563213921	0.605044158	0.564834578	0.565871769	0.882340381	0.841289094	0.748251829	0.748986488	0.843363315	0.796261923	0.806524662	0.751406691	0.832321931	0.720336414	0.819595818	0.790212211	0.833597592	0.766833315	0.737211047	0.742375558	0.755382617	0.663597733	0.86330536	0.772214019	0.8100037	0.874000383	0.834677281	0.897464865
A-high-2-3	0.211501135	0.235095655	0.227922017	0.236996941	0.252682961	0.267267723	0.261887925	0.269623397	0.273555278	0.322710858	0.319793549	0.303372303	0.292612535	0.167012829	0.174358776	0.161092185	0.154285999	0	0.177081661	0.188533372	0.391009226	0.23114118	0.242376281	0.217723947	0.478753235	0.468728291	0.468922399	0.504658921	0.516997606	0.500749292	0.533116098	0.542017654	0.521383054	0.58620402	0.591216169	0.568420905	0.737838146	0.577906724	0.695533122	0.657851127	0.626176378	0.587954547	0.606081866	0.581710143	0.57758295	0.893964588	0.84131044	0.843514666	0.745162503	0.603013443	0.543724396	0.610748709	0.540569826	0.516694121	0.567686578	0.578100683	0.562846344	0.566454527	0.53827888	0.590050122	0.632332453	0.656834636	0.611633837	0.616041248	0.639398042	0.647219311	0.591712617	0.579785014	0.561074616	0.610963821	0.573065989	0.573066085	0.883226437	0.844702758	0.752810633	0.751082104	0.847576266	0.801015156	0.80926887	0.753308131	0.836535394	0.722410199	0.824673369	0.794252584	0.83692521	0.771024812	0.741705181	0.747798789	0.761605025	0.67122497	0.867540358	0.777399548	0.815167635	0.878364756	0.840488913	0.900662503
A-high-3-1	0.232222476	0.243004032	0.231142227	0.242291062	0.262146958	0.270163508	0.257956022	0.256853929	0.263875895	0.291057486	0.287578688	0.274160785	0.323121318	0.212257424	0.2290676	0.213056945	0.195426072	0.177081661	0	0.140696331	0.383036762	0.207158578	0.215541606	0.189441026	0.496860129	0.49027035	0.489600306	0.524148286	0.537502106	0.516911515	0.53871235	0.549558805	0.530933796	0.590504167	0.593960426	0.571186575	0.742440695	0.589617719	0.69937915	0.666407796	0.635121695	0.601329168	0.61234799	0.586830912	0.584648876	0.893316252	0.840402819	0.841440438	0.751666322	0.617165765	0.555565051	0.62248115	0.555845852	0.536140516	0.57553036	0.590567862	0.576825891	0.576069641	0.550228068	0.60439717	0.641429238	0.671289656	0.624100855	0.626844573	0.650871443	0.658476383	0.604244107	0.588860134	0.573995344	0.616538933	0.583459028	0.585727726	0.887331118	0.848678249	0.759940502	0.756332452	0.85111938	0.805898062	0.81486466	0.759854898	0.838436612	0.72632147	0.829037609	0.800755795	0.840922079	0.778003633	0.749180649	0.759444245	0.772386226	0.684944757	0.869225359	0.784226614	0.820352573	0.880266187	0.842887325	0.902239615
A-high-3-2	0.242982444	0.255729872	0.236694455	0.249096902	0.265560618	0.277703596	0.266318016	0.2606569	0.269558326	0.295162625	0.292310192	0.27906512	0.325649078	0.216859472	0.234361006	0.223470773	0.202059016	0.188533372	0.140696331	0	0.395460261	0.208671058	0.212581274	0.193848629	0.49651435	0.487655862	0.488649362	0.521058451	0.535665474	0.516370666	0.537977337	0.545345442	0.529766702	0.590136526	0.591907661	0.570991986	0.739847803	0.584259004	0.699508644	0.66541343	0.631902014	0.602387295	0.606362655	0.580478702	0.579484446	0.892754472	0.837594104	0.840986377	0.748598138	0.614162173	0.54975257	0.617640914	0.550854497	0.525941805	0.569890517	0.587132126	0.568896162	0.572655441	0.542708647	0.599557095	0.63818815	0.669020866	0.618655871	0.624878223	0.647759849	0.655343244	0.598993689	0.586547874	0.568507558	0.614313114	0.578230006	0.581147307	0.885494703	0.845502064	0.758211806	0.754754983	0.849261312	0.803888525	0.812315063	0.757132421	0.836362339	0.724225267	0.826099067	0.798184587	0.839193527	0.775734865	0.749029127	0.757456239	0.769620691	0.679716037	0.86797195	0.781871553	0.817867847	0.878559022	0.841007581	0.900899693
A-high-3-3	0.40991484	0.432602221	0.397815202	0.415467921	0.417671765	0.430419501	0.421517998	0.406522909	0.433552486	0.454576427	0.456520677	0.440164058	0.467734404	0.383360549	0.407862362	0.402568546	0.386795747	0.391009226	0.383036762	0.395460261	0	0.416354192	0.43294743	0.404837919	0.573260897	0.598973037	0.596509702	0.60141352	0.602365254	0.582011432	0.593484803	0.611418032	0.602581276	0.63391104	0.647133819	0.623344895	0.759833397	0.64523277	0.72608442	0.698039037	0.674898904	0.660379433	0.649057191	0.635596726	0.635682748	0.898307002	0.85133527	0.850709213	0.777961069	0.670598919	0.621810494	0.664678585	0.616840895	0.614312638	0.611202191	0.635379337	0.627406629	0.613923746	0.590696493	0.640868232	0.672045444	0.702359809	0.670727736	0.636675383	0.689633433	0.693349295	0.647717109	0.632202675	0.635444452	0.662063534	0.638318236	0.627255488	0.897594037	0.860453662	0.776145319	0.782454585	0.866568118	0.824457664	0.83359739	0.767308675	0.853927946	0.751773202	0.845998705	0.81894813	0.85814245	0.801792184	0.779041032	0.77614556	0.786538472	0.70745844	0.883334314	0.806178912	0.838999076	0.889189422	0.861879114	0.910233552
A-high-4-1	0.272367003	0.292374993	0.26398397	0.309249606	0.324935551	0.326297164	0.297517497	0.297776672	0.292331998	0.259079442	0.252791879	0.257480549	0.354644993	0.232740322	0.249420273	0.239783747	0.218890259	0.23114118	0.207158578	0.208671058	0.416354192	0	0.209145918	0.144110026	0.495217325	0.488174167	0.483441904	0.519459676	0.536702726	0.510083267	0.537480052	0.544934849	0.527087307	0.583416801	0.586743803	0.567038255	0.745983676	0.59780614	0.706552164	0.664829806	0.632550019	0.602517258	0.616388228	0.590914628	0.581277507	0.892819293	0.839797833	0.841807493	0.747063893	0.617338135	0.558243286	0.624576119	0.560987435	0.535124635	0.576458584	0.586505274	0.581989478	0.566151644	0.546273383	0.588904618	0.635486601	0.661760599	0.622782216	0.632353857	0.651994323	0.664028831	0.603379621	0.586806998	0.579655795	0.611266145	0.569846555	0.574902579	0.887287597	0.848137682	0.761128384	0.76039399	0.850363159	0.805638327	0.816441341	0.762619983	0.840402225	0.729583304	0.82977192	0.800539509	0.842434362	0.775323997	0.749028847	0.753220777	0.768583231	0.675675253	0.869721895	0.782843505	0.821065515	0.880503159	0.843729616	0.903794834
A-high-4-2	0.275888557	0.288398731	0.277811869	0.280858073	0.292958117	0.302659667	0.27256233	0.286260571	0.280534531	0.264221657	0.256896876	0.255989249	0.343885074	0.269255483	0.283775063	0.263594334	0.25471421	0.242376281	0.215541606	0.212581274	0.43294743	0.209145918	0	0.191407154	0.503406382	0.493553963	0.491933189	0.53289869	0.549082834	0.524321958	0.5565156	0.553252964	0.53639987	0.594241356	0.577453088	0.580369222	0.747884887	0.596099016	0.708215493	0.677448074	0.640436001	0.61234768	0.614529591	0.590244579	0.589617695	0.890658405	0.835346792	0.840316444	0.748943719	0.624597915	0.569500112	0.630777501	0.559799356	0.541995398	0.587521158	0.602537231	0.583048198	0.582875274	0.55163212	0.603553896	0.649142149	0.672153579	0.618742068	0.641234113	0.659405246	0.661392968	0.602818038	0.607700696	0.574621345	0.624208649	0.588600919	0.591150634	0.884003636	0.846647055	0.763159412	0.756547986	0.844831788	0.802915957	0.810694292	0.761258957	0.834611884	0.7280059	0.823095661	0.797060888	0.838977118	0.77495646	0.752961327	0.760977778	0.773077139	0.685657067	0.866783584	0.783383477	0.82065479	0.877391931	0.835216862	0.898458291
A-high-4-3	0.263313759	0.279864137	0.252251243	0.296220769	0.309940899	0.313722027	0.278633477	0.283538454	0.277401679	0.257285991	0.243738721	0.241318252	0.343841892	0.236694959	0.254908783	0.235051915	0.216340786	0.217723947	0.189441026	0.193848629	0.404837919	0.144110026	0.191407154	0	0.49634108	0.491544957	0.489470275	0.519222012	0.537350771	0.512373596	0.542126076	0.5486512	0.532402736	0.587219863	0.589401761	0.570279231	0.750175365	0.601349801	0.707308361	0.670469174	0.636223327	0.603619305	0.614140997	0.592513283	0.583244128	0.893813266	0.838285556	0.84306089	0.746285991	0.617683771	0.559777676	0.62576445	0.555542998	0.538192961	0.580196557	0.594218729	0.58570591	0.574578217	0.550184449	0.596207297	0.637237077	0.666492487	0.624835169	0.637647411	0.653074843	0.662451909	0.606944781	0.594325909	0.578121788	0.615371659	0.577020091	0.580801289	0.885926362	0.848418479	0.76346195	0.760329301	0.849260981	0.805595154	0.816657563	0.764089364	0.839732485	0.731592706	0.829836779	0.800409913	0.842801578	0.778089627	0.751125057	0.757628872	0.772710029	0.681400857	0.872163296	0.785177062	0.820806423	0.881043463	0.841742023	0.901267032
B-low-1-1	0.479747995	0.482859261	0.493381445	0.487137486	0.502391513	0.503082908	0.48674843	0.500295703	0.49273313	0.500814561	0.49619024	0.494980483	0.516824888	0.48543028	0.481281793	0.472984374	0.471321223	0.478753235	0.496860129	0.49651435	0.573260897	0.495217325	0.503406382	0.49634108	0	0.289998202	0.289738705	0.335890025	0.265430826	0.305446827	0.37454424	0.371109023	0.280340027	0.399176743	0.406846672	0.38869685	0.636935244	0.482253629	0.592231681	0.542190385	0.532187625	0.473891933	0.491112682	0.477133348	0.444658262	0.834935318	0.772859918	0.763159335	0.660616425	0.50736043	0.477651215	0.510018038	0.442259352	0.489859275	0.4901402	0.504465019	0.478126752	0.494180285	0.476786745	0.490054202	0.527669992	0.537630468	0.517860743	0.509045087	0.525747192	0.540915324	0.486228754	0.497377241	0.470909687	0.515246371	0.472832783	0.46369344	0.833055745	0.766616847	0.667032172	0.665217462	0.770181667	0.715366519	0.738161309	0.661696115	0.744469569	0.628940348	0.742395392	0.710850858	0.779710862	0.672152796	0.63678302	0.671029805	0.688660484	0.58376068	0.795007181	0.673924995	0.733169841	0.814063799	0.7434971	0.837960405
B-low-1-2	0.471494557	0.478883954	0.486403068	0.476075256	0.480742012	0.490464737	0.480785033	0.49225854	0.482016538	0.507901738	0.494332175	0.492949517	0.528060321	0.472920288	0.475188962	0.464839096	0.461684841	0.468728291	0.49027035	0.487655862	0.598973037	0.488174167	0.493553963	0.491544957	0.289998202	0	0.153098613	0.307218804	0.302421945	0.29200789	0.355833296	0.340255309	0.291467353	0.396994612	0.411190111	0.373507719	0.614226619	0.47257401	0.590092481	0.5369617	0.530956075	0.4591348	0.473482229	0.462916694	0.435497087	0.820069855	0.758103035	0.752874797	0.633953678	0.459890812	0.452176936	0.472141587	0.422252104	0.485861566	0.508181872	0.528210811	0.506193996	0.52341446	0.506366324	0.51341102	0.537652618	0.556082947	0.523284178	0.525790206	0.529593023	0.511184286	0.513366885	0.514187493	0.482793849	0.499322423	0.485170487	0.477219276	0.79260833	0.72681719	0.630149525	0.637387942	0.724310691	0.672995946	0.699852689	0.630279943	0.690388172	0.602363889	0.725023742	0.714459415	0.76722191	0.657395864	0.584127654	0.669323054	0.684728397	0.601931809	0.78725012	0.668371935	0.722345543	0.791031076	0.740861169	0.827869834
B-low-1-3	0.471039991	0.477327536	0.487396199	0.476960753	0.488821914	0.491047807	0.478731931	0.494980283	0.474734802	0.493943063	0.48149775	0.485473292	0.524127775	0.473308943	0.470067722	0.461381398	0.462548803	0.468922399	0.489600306	0.488649362	0.596509702	0.483441904	0.491933189	0.489470275	0.289738705	0.153098613	0	0.3328437	0.3299272	0.306332665	0.369747924	0.357389225	0.313333149	0.41419345	0.426724898	0.387141203	0.624662513	0.489275711	0.606059564	0.548499458	0.541153858	0.467928169	0.500317045	0.485603222	0.451702039	0.831607656	0.771931042	0.766119669	0.637367583	0.476981557	0.458940032	0.490420863	0.427610137	0.488800419	0.510212543	0.524061866	0.50610736	0.512416064	0.499149481	0.510601995	0.53652864	0.547742508	0.521620028	0.528966068	0.531451204	0.524623541	0.508829147	0.514057789	0.487979209	0.506539067	0.479012296	0.471406562	0.804707907	0.74036453	0.646613917	0.648407205	0.736691252	0.686910445	0.714955576	0.641925999	0.706463365	0.605388777	0.728069945	0.715452982	0.768950524	0.657525214	0.597242605	0.66668667	0.685246723	0.597869485	0.78984289	0.672649776	0.725586199	0.793343074	0.73982402	0.829036686
B-low-2-1	0.507684111	0.516866774	0.516240004	0.518811859	0.521642355	0.532704482	0.525293571	0.535664628	0.530889606	0.547008183	0.534908603	0.533871176	0.549211967	0.505588536	0.497745118	0.492623846	0.490658533	0.504658921	0.524148286	0.521058451	0.60141352	0.519459676	0.53289869	0.519222012	0.335890025	0.307218804	0.3328437	0	0.195836916	0.315774797	0.358210013	0.370914938	0.321781456	0.429015585	0.450708018	0.389150802	0.57410323	0.419918807	0.530652784	0.46760425	0.479509832	0.397706829	0.435929155	0.413695904	0.394552536	0.780767751	0.715602665	0.710914736	0.684145079	0.487373922	0.477823307	0.485170284	0.437181216	0.49828475	0.507965288	0.513236302	0.497853005	0.519589247	0.501763259	0.516111138	0.541973069	0.54283781	0.529787055	0.482684075	0.52215976	0.538321691	0.512739623	0.489166559	0.462266927	0.490484817	0.476224399	0.460106145	0.8448092	0.776728166	0.668068879	0.676279345	0.772514647	0.71573314	0.740861329	0.655904954	0.713074935	0.636134423	0.734076308	0.72143755	0.782627321	0.667442037	0.623170301	0.676431215	0.685743126	0.599467906	0.79383974	0.665540911	0.727076575	0.821474673	0.74969807	0.832882721
B-low-2-2	0.518402238	0.526050897	0.532511542	0.525446109	0.531193155	0.536875767	0.531798542	0.546793919	0.537113634	0.557358653	0.546144945	0.54093747	0.559108943	0.519569377	0.516652057	0.505481319	0.50805303	0.516997606	0.537502106	0.535665474	0.602365254	0.536702726	0.549082834	0.537350771	0.265430826	0.302421945	0.3299272	0.195836916	0	0.303934487	0.35021546	0.368300571	0.279821247	0.405550649	0.428107539	0.374933564	0.567988834	0.412788484	0.516132982	0.467345121	0.469636041	0.39919796	0.438932784	0.411816449	0.392283501	0.778110038	0.709229225	0.706485503	0.682849348	0.489967632	0.486164619	0.48309652	0.43977455	0.502823358	0.507706698	0.511703403	0.494937005	0.518445031	0.50109472	0.509543516	0.545344485	0.543832351	0.530349515	0.481410156	0.522117655	0.527821616	0.506387694	0.491241208	0.460215035	0.486315339	0.476657578	0.457427774	0.841158588	0.772536965	0.671223993	0.673860522	0.770527622	0.716598464	0.741337856	0.658282593	0.714890129	0.633888328	0.733904293	0.722648554	0.781720476	0.669992652	0.628226854	0.678527988	0.691080937	0.600052577	0.793343419	0.667097317	0.726083562	0.820675501	0.748834379	0.830830122
B-low-2-3	0.503796013	0.513043673	0.515722998	0.511682664	0.521643068	0.520066181	0.509392028	0.518186284	0.5095863	0.519439575	0.510645278	0.513972617	0.540159992	0.507339273	0.50312602	0.497313724	0.488628276	0.500749292	0.516911515	0.516370666	0.582011432	0.510083267	0.524321958	0.512373596	0.305446827	0.29200789	0.306332665	0.315774797	0.303934487	0	0.236932087	0.213705167	0.235008965	0.26458942	0.297819625	0.244537686	0.580584869	0.449368187	0.515679063	0.48076267	0.486575142	0.424563751	0.387249121	0.362423358	0.342934069	0.713485142	0.645597289	0.633887481	0.676777744	0.514425482	0.506452656	0.499560352	0.442670001	0.51412338	0.494656087	0.519870219	0.510363675	0.497551057	0.465789174	0.502218627	0.553511159	0.564530752	0.549514158	0.526438166	0.547094433	0.553014428	0.51196219	0.501742064	0.502023637	0.479725262	0.477391713	0.455072561	0.849173996	0.782842975	0.692678944	0.690021497	0.786688939	0.731852025	0.756396905	0.665649721	0.733341891	0.630733096	0.744491179	0.722475008	0.794338259	0.680925058	0.658540443	0.690648537	0.707177315	0.611805609	0.808078624	0.684771479	0.742741413	0.82545055	0.755921099	0.83391979
B-low-3-1	0.529572701	0.537696856	0.543163363	0.532641112	0.538107424	0.536746082	0.535276843	0.548608267	0.537458992	0.549580476	0.538906876	0.539835769	0.578187183	0.531646714	0.538258234	0.538625347	0.518251079	0.533116098	0.53871235	0.537977337	0.593484803	0.537480052	0.5565156	0.542126076	0.37454424	0.355833296	0.369747924	0.358210013	0.35021546	0.236932087	0	0.160099259	0.242636114	0.275176718	0.313484429	0.263227495	0.579806817	0.465572987	0.536637322	0.499171463	0.510147847	0.456152514	0.413371527	0.399068399	0.375538481	0.737014829	0.656789968	0.641666019	0.699636916	0.560900516	0.528253482	0.553662646	0.501158824	0.551675119	0.516283943	0.541065714	0.540958068	0.526157723	0.497291031	0.532251794	0.582291058	0.590480079	0.574145435	0.552149556	0.582139836	0.591754603	0.553338468	0.536917217	0.535491605	0.528836824	0.510168942	0.503470936	0.857664813	0.790534374	0.707500727	0.710503747	0.797880639	0.74630629	0.774329863	0.682481065	0.749719458	0.65609893	0.760781997	0.742828043	0.802072803	0.698188079	0.671957776	0.704433178	0.719838297	0.636847234	0.814603856	0.697799516	0.75179441	0.829555617	0.772060513	0.853149517
B-low-3-2	0.538604163	0.543444323	0.553231791	0.541802391	0.549860992	0.549061603	0.538496295	0.550012677	0.541218433	0.547419977	0.533094506	0.539079283	0.576329319	0.546663217	0.55100619	0.550055601	0.528254858	0.542017654	0.549558805	0.545345442	0.611418032	0.544934849	0.553252964	0.5486512	0.371109023	0.340255309	0.357389225	0.370914938	0.368300571	0.213705167	0.160099259	0	0.236305646	0.251625784	0.273491235	0.247908558	0.581816535	0.465637995	0.537458793	0.495693218	0.504400434	0.449670916	0.395503084	0.386061086	0.354645222	0.723208277	0.644538891	0.628356396	0.685981869	0.547310789	0.53160245	0.546727684	0.48890811	0.543054461	0.513237683	0.534281744	0.536485652	0.5149009	0.487762777	0.517083824	0.564077017	0.573497614	0.560057973	0.54361517	0.566756449	0.577905082	0.533655103	0.527648445	0.52496947	0.519394759	0.496275836	0.484954532	0.849605971	0.785608636	0.706917667	0.700349156	0.787401653	0.735157925	0.762468314	0.676431565	0.739802155	0.64162292	0.748877116	0.731614602	0.794381103	0.684641033	0.665346626	0.695466709	0.712125087	0.624250992	0.807257578	0.687623245	0.747235757	0.824521229	0.756287916	0.843124209
B-low-3-3	0.521751147	0.529486453	0.533872466	0.521124944	0.530372093	0.531798029	0.520778917	0.536379274	0.524754375	0.535060791	0.524624646	0.530782368	0.556969697	0.525790916	0.524279089	0.518984876	0.509499958	0.521383054	0.530933796	0.529766702	0.602581276	0.527087307	0.53639987	0.532402736	0.280340027	0.291467353	0.313333149	0.321781456	0.279821247	0.235008965	0.242636114	0.236305646	0	0.286022782	0.303891054	0.267030414	0.597675602	0.455655499	0.530026031	0.497313455	0.498005207	0.44193559	0.409201499	0.387443882	0.35049612	0.752765537	0.683862431	0.662602467	0.686435596	0.524364446	0.516305301	0.53050109	0.466868979	0.530543865	0.509996359	0.528383009	0.517493758	0.511789087	0.477758734	0.501635182	0.564919558	0.555650379	0.545236165	0.520171932	0.543810217	0.562802135	0.514900471	0.50906668	0.493812759	0.50243375	0.482080465	0.475101707	0.849929998	0.784895589	0.690366754	0.687687693	0.782064934	0.728870233	0.753307209	0.666600236	0.744944647	0.639786387	0.743972388	0.720012024	0.791356231	0.675955234	0.652620105	0.687731721	0.703979582	0.620966816	0.800602742	0.679736607	0.738830718	0.822533437	0.751080745	0.843426602
B-low-4-1	0.582747018	0.589898661	0.596121614	0.590417769	0.599837688	0.596898871	0.58021904	0.594047651	0.585210025	0.588018997	0.574450083	0.580154442	0.617706478	0.588083743	0.590763177	0.589596275	0.572419208	0.58620402	0.590504167	0.590136526	0.63391104	0.583416801	0.594241356	0.587219863	0.399176743	0.396994612	0.41419345	0.429015585	0.405550649	0.26458942	0.275176718	0.251625784	0.286022782	0	0.16372937	0.197867843	0.618201801	0.517515449	0.553296278	0.529593637	0.533569567	0.49044297	0.444290878	0.413588283	0.398355325	0.644797887	0.569196662	0.553856429	0.708323036	0.578683732	0.581557647	0.578359657	0.538841009	0.591496673	0.552864377	0.577711361	0.586094696	0.555435296	0.537825704	0.551611467	0.602752933	0.612065393	0.600073825	0.586979852	0.5960117	0.606361314	0.573195548	0.564725438	0.569716893	0.540159329	0.528276132	0.523004288	0.84586807	0.789065913	0.720227628	0.722668898	0.794985443	0.745226313	0.775043417	0.689265714	0.730230413	0.663920793	0.760026174	0.746782359	0.804255248	0.695574128	0.679563764	0.718326161	0.731981458	0.655040345	0.811362852	0.701386711	0.753242469	0.828561565	0.765903127	0.844355816
